Seq	Host	Starttime	JobRuntime	Send	Receive	Exitval	Signal	Command
4	:	1632659587.768	    64.168	0	58	1	0	python train.py 0.5 17 ln 0.5 3000
3	:	1632659587.765	    64.176	0	57	1	0	python train.py 0.5 17 p 0.5 3000
1	:	1632659587.758	    89.053	0	57	1	0	python train.py 0.5 12 p 0.3 3000
5	:	1632659651.941	    43.483	0	57	1	0	python train.py 0.5 34 p 0.7 3000
7	:	1632659676.818	    41.766	0	57	1	0	python train.py 0.5 35 p 0.5 3000
9	:	1632659718.605	    41.902	0	57	1	0	python train.py 0.5 43 p 0.7 3000
8	:	1632659695.432	   585.677	0	58	1	0	python train.py 0.5 35 ln 0.5 3000
10	:	1632659760.514	   522.228	0	58	1	0	python train.py 0.5 43 ln 0.7 3000
11	:	1632660576.007	    95.334	0	57	1	0	python train.py 0.5 50 p 0.7 3000
13	:	1632660671.348	    43.687	0	57	1	0	python train.py 0.7 28 p 0.7 3000
14	:	1632660715.041	  1359.863	0	0	0	9	python train.py 0.7 28 ln 0.7 3000
15	:	1632662075.210	    93.134	0	57	1	0	python train.py 0.7 29 p 0.5 3000
6	:	1632662247.310	  1131.559	0	207	0	0	python train.py 0.5 34 ln 0.7 3000
16	:	1632662247.319	  1190.819	0	207	0	0	python train.py 0.7 29 ln 0.5 3000
17	:	1632663378.884	   130.108	0	58	0	0	python train.py 0.95 15 p 0.7 3000
19	:	1632663509.004	   123.966	0	58	0	0	python train.py 0.95 17 p 0.5 3000
2	:	1632662247.306	  1398.599	0	207	0	0	python train.py 0.5 12 ln 0.3 3000
12	:	1632662247.315	  1427.401	0	207	0	0	python train.py 0.5 50 ln 0.7 3000
21	:	1632663645.938	   133.976	0	58	0	0	python train.py 0.95 27 p 0.5 3000
23	:	1632663779.928	   117.273	0	58	0	0	python train.py 0.95 35 p 0.5 3000
18	:	1632663438.162	   707.857	0	208	0	0	python train.py 0.95 15 ln 0.7 3000
20	:	1632663632.983	   642.901	0	208	0	0	python train.py 0.95 17 ln 0.5 3000
22	:	1632663674.770	   726.266	0	208	0	0	python train.py 0.95 27 ln 0.5 3000
24	:	1632663897.231	   527.914	0	208	0	0	python train.py 0.95 35 ln 0.5 3000
